1,0,0.232,1,0.452,0.558, -17.32717, 344.8796, -226.489, 0.9946449, -0.06372892, 0.08037603, -0.01269056, 0.9867573, -0.03548976, -0.1582737, 0.01500065, 0.9915552, -0.1288153, 0.1615087, 0.1247353, 0.9789566, -18.62513, 340.0851, -233.5065, 0.8662699, -0.492906, 0.0778155, 0.02379273, 0.9867573, -0.03548961, -0.1582736, -0.1179333, 0.5129551, -0.8502765, 0.1113633, 0.8576822, 0.5019768, -11.96816, 260.3591, -175.8316, 0.9548812, -0.2856252, 0.08117193, 0.005697027, 0.9867573, -0.03548952, -0.1582735, -0.05724946, 0.8367716, -0.5445513, 0.1517647, 0.5464011, 0.8236588
1,0.0499,0.232,1,0.452,0.558, -17.32717, 344.8796, -226.489, 0.9946449, -0.06372892, 0.08037603, -0.01269056, 0.9867573, -0.03548976, -0.1582737, 0.01500065, 0.9915552, -0.1288153, 0.1615087, 0.1247353, 0.9789566, -18.62513, 340.0851, -233.5065, 0.8662699, -0.492906, 0.0778155, 0.02379273, 0.9867573, -0.03548961, -0.1582736, -0.1179333, 0.5129551, -0.8502765, 0.1113633, 0.8576822, 0.5019768, -11.96816, 260.3591, -175.8316, 0.9548812, -0.2856252, 0.08117193, 0.005697027, 0.9867573, -0.03548952, -0.1582735, -0.05724946, 0.8367716, -0.5445513, 0.1517647, 0.5464011, 0.8236588
1,0.0998,0.232,1,0.452,0.558, -17.918, 344.8401, -226.4876, 0.9976841, -0.06167015, 0.01229796, 0.02594407, 0.9983513, 0.05025113, -0.0277389, -0.0532848, 0.9910474, -0.1224165, 0.02133901, 0.1236928, 0.9920911, -17.87551, 340.0555, -233.6307, 0.8699038, -0.4923863, -0.0003066957, 0.02870959, 0.9983513, 0.05025119, -0.02773882, -0.04964714, 0.513463, -0.856675, -0.02880601, 0.8566398, 0.5151113, -11.98762, 260.347, -175.8482, 0.9583052, -0.2843022, 0.006153107, 0.02804412, 0.9983513, 0.05025097, -0.02773912, -0.05724834, 0.8367716, -0.5445514, -0.0041529, 0.5452417, 0.8382688
1,0.1497,0.232,1,0.452,0.558, -18.49839, 344.7508, -226.5637, 0.9945967, -0.05923279, -0.05585551, 0.06441919, 0.9854606, 0.1347592, 0.103476, -0.1215253, 0.9846833, -0.1250218, -0.1187389, 0.1106291, 0.9867433, -17.11649, 340.0912, -233.6557, 0.8681958, -0.488843, -0.07842684, 0.03345011, 0.9854606, 0.1347593, 0.103476, 0.01859433, 0.5198272, -0.8540696, -0.1688834, 0.8435761, 0.5097635, -12.00377, 260.3334, -175.8672, 0.9558447, -0.2812333, -0.06890374, 0.05021903, 0.9854606, 0.1347592, 0.103476, -0.05724714, 0.8367718, -0.5445512, -0.1599691, 0.53071, 0.8323203
1,0.1996,0.232,1,0.452,0.558, -19.05404, 344.614, -226.7156, 0.9854021, -0.05643163, -0.1236661, 0.1024989, 0.9484013, 0.2159626, 0.2321533, -0.1880479, 0.9726189, -0.136567, -0.25529, 0.08586441, 0.9630443, -16.36639, 340.1912, -233.5809, 0.8611565, -0.4822979, -0.1560656, 0.03798527, 0.9484013, 0.2159627, 0.2321533, 0.08511765, 0.5318917, -0.8425243, -0.3054342, 0.8188116, 0.4860646, -12.01597, 260.3189, -175.8883, 0.9475146, -0.2764375, -0.1435373, 0.07208554, 0.9484015, 0.2159624, 0.2321531, -0.05724602, 0.836772, -0.544551, -0.3118617, 0.5031631, 0.8059587
1,0.2495,0.232,1,0.452,0.558, -19.57138, 344.433, -226.9394, 0.9701562, -0.05328411, -0.1907172, 0.1399491, 0.8880824, 0.2918693, 0.3551369, -0.2512205, 0.9551501, -0.1567692, -0.3849651, 0.05000644, 0.9215755, -15.64372, 340.353, -233.4081, 0.8488292, -0.472791, -0.2327458, 0.04228716, 0.8880824, 0.2918694, 0.3551368, 0.1482911, 0.5493608, -0.822322, -0.4351088, 0.7829533, 0.4445961, -12.02403, 260.3037, -175.9108, 0.9333663, -0.2699442, -0.2172896, 0.09350941, 0.8880824, 0.2918692, 0.355137, -0.05724494, 0.8367723, -0.5445508, -0.4561062, 0.4632763, 0.7598307
1,0.2994,0.232,1,0.452,0.558, -20.03793, 344.2121, -227.2296, 0.948953, -0.04980922, -0.2565972, 0.1765399, 0.8059831, 0.360618, 0.4694107, -0.3094943, 0.9327054, -0.1851325, -0.504584, 0.003933944, 0.8633538, -14.96628, 340.5727, -233.1417, 0.8312893, -0.460381, -0.3079968, 0.04632922, 0.8059831, 0.3606177, 0.4694107, 0.2065658, 0.5718058, -0.7939582, -0.5547271, 0.7368811, 0.3863745, -12.02784, 260.2882, -175.9342, 0.9134861, -0.2617932, -0.2897075, 0.1143591, 0.8059831, 0.3606178, 0.4694107, -0.05724402, 0.8367727, -0.5445502, -0.5891644, 0.4120274, 0.6950678
1,0.3493,0.232,1,0.452,0.558, -20.44197, 343.957, -227.5793, 0.9219223, -0.04602849, -0.3209015, 0.2120466, 0.7041169, 0.4205222, 0.5721722, -0.3614398, 0.9058352, -0.2209615, -0.6112129, -0.05122279, 0.7898071, -14.35078, 340.8451, -232.788, 0.8086448, -0.4451439, -0.3813567, 0.05008696, 0.7041168, 0.4205223, 0.5721724, 0.2585121, 0.5986763, -0.7581287, -0.661356, 0.6817247, 0.3128279, -12.02727, 260.2728, -175.958, 0.8879966, -0.2520346, -0.3603464, 0.1345065, 0.7041169, 0.4205222, 0.5721722, -0.05724314, 0.8367731, -0.5445496, -0.7077734, 0.3506739, 0.613258
1,0.3992,0.232,1,0.452,0.558, -20.77362, 343.6738, -227.9797, 0.8892306, -0.04196513, -0.3832352, 0.2462512, 0.5849822, 0.4701133, 0.6609011, -0.4057832, 0.8751985, -0.2633776, -0.7022369, -0.1141109, 0.7027394, -13.81211, 341.1632, -232.3559, 0.7810346, -0.4271733, -0.4523746, 0.0535371, 0.584982, 0.4701133, 0.6609012, 0.302856, 0.6293135, -0.715712, -0.7523797, 0.6188366, 0.2257604, -12.02222, 260.2578, -175.9815, 0.8570542, -0.2407283, -0.4287725, 0.1538281, 0.5849822, 0.4701133, 0.660901, -0.05724262, 0.8367736, -0.5445489, -0.8090241, 0.28072, 0.5164081
1,0.4491,0.232,1,0.452,0.558, -21.02499, 343.3694, -228.421, 0.8510783, -0.03764416, -0.4432156, 0.2789437, 0.4515006, 0.5081749, 0.7334212, -0.441437, 0.8415466, -0.3113407, -0.7754236, -0.1831882, 0.6042857, -13.36326, 341.5193, -231.8557, 0.7486283, -0.4065796, -0.5206144, 0.05665858, 0.4515008, 0.5081748, 0.733421, 0.3385099, 0.6629657, -0.6677485, -0.8255659, 0.5497594, 0.1273073, -12.01288, 260.2437, -176.0043, 0.820849, -0.2279439, -0.4945656, 0.1722049, 0.4515007, 0.5081748, 0.7334213, -0.05724199, 0.8367742, -0.5445482, -0.8904334, 0.2038818, 0.4068929
1,0.499,0.232,1,0.452,0.558, -21.18962, 343.0512, -228.8925, 0.8076999, -0.03309192, -0.5004743, 0.3099233, 0.306946, 0.5337733, 0.7879542, -0.4675267, 0.805705, -0.363674, -0.828978, -0.2567606, 0.4968607, -13.01592, 341.9048, -231.3, 0.711625, -0.3834891, -0.5856576, 0.05943187, 0.3069461, 0.5337729, 0.7879542, 0.3646002, 0.698808, -0.6154143, -0.8791201, 0.4761873, 0.01988265, -11.99948, 260.2307, -176.0256, 0.779603, -0.2137596, -0.5573218, 0.1895243, 0.3069459, 0.5337732, 0.7879542, -0.05724169, 0.8367748, -0.5445473, -0.9500047, 0.1220431, 0.2873985
1,0.5489,0.232,1,0.452,0.558, -21.26351, 342.7272, -229.3826, 0.7593615, -0.02833655, -0.5546599, 0.3389996, 0.1548633, 0.5462808, 0.8231626, -0.4834122, 0.7685526, -0.4190944, -0.8615869, -0.3330236, 0.3830988, -12.77801, 342.3101, -230.7022, 0.6702517, -0.3580438, -0.6471044, 0.06184044, 0.1548632, 0.5462808, 0.8231626, 0.3804861, 0.7359608, -0.5599934, -0.9117289, 0.3999245, -0.09387901, -11.98237, 260.2192, -176.0451, 0.7335699, -0.1982629, -0.6166556, 0.2056798, 0.1548633, 0.5462809, 0.8231627, -0.0572411, 0.8367753, -0.5445465, -0.9862773, 0.03721219, 0.1608553
1,0.5988,0.232,1,0.452,0.558, -21.24509, 342.4054, -229.8792, 0.70636, -0.02340716, -0.6054394, 0.3659943, -0.001017362, 0.5453908, 0.8381825, -0.4887043, 0.7310005, -0.4762425, -0.8724501, -0.410107, 0.2657906, -12.65552, 342.7252, -230.077, 0.6247627, -0.3303998, -0.7045775, 0.06386912, -0.001017475, 0.5453907, 0.8381827, 0.3857785, 0.7735134, -0.5028445, -0.9225921, 0.3228415, -0.211187, -11.96194, 260.2094, -176.0621, 0.6830319, -0.1815486, -0.6722027, 0.2205724, -0.00101725, 0.5453907, 0.8381826, -0.05724102, 0.8367759, -0.5445455, -0.9983609, -0.04853177, 0.03036732
1,0.6487,0.232,1,0.452,0.558, -21.13449, 342.0934, -230.3701, 0.6490211, -0.01833391, -0.652501, 0.3907416, -0.1568731, 0.5311249, 0.8326461, -0.4832733, 0.6939697, -0.5337167, -0.8613014, -0.4861204, 0.1478127, -12.65181, 343.1402, -229.4398, 0.5754371, -0.300727, -0.7577241, 0.06550573, -0.1568736, 0.5311251, 0.8326465, 0.3803474, 0.8105446, -0.4453695, -0.9114438, 0.2468284, -0.329165, -11.93865, 260.2018, -176.0765, 0.6282997, -0.1637193, -0.7236221, 0.2341104, -0.1568731, 0.5311248, 0.8326463, -0.05724119, 0.8367766, -0.5445445, -0.9859598, -0.1330853, -0.1008658
1,0.6986,0.232,1,0.452,0.558, -20.9347, 341.7991, -230.8435, 0.5876966, -0.01314816, -0.6955557, 0.4130893, -0.308881, 0.503833, 0.8066887, -0.4672519, 0.6583686, -0.5901075, -0.8284141, -0.559199, 0.03205885, -12.76646, 343.5447, -228.8062, 0.5225778, -0.2692073, -0.8062173, 0.06674, -0.308881, 0.5038328, 0.8066886, 0.3643255, 0.8461464, -0.3889773, -0.8785562, 0.1737496, -0.4449177, -11.91311, 260.1962, -176.0876, 0.5697093, -0.1448848, -0.7705978, 0.2462109, -0.3088816, 0.5038331, 0.806689, -0.05724137, 0.8367772, -0.5445436, -0.9493779, -0.2143746, -0.2296252
1,0.7485,0.232,1,0.452,0.558, -20.65044, 341.5296, -231.2875, 0.5227635, -0.007881686, -0.7343395, 0.4329005, -0.4533148, 0.4641849, 0.7609478, -0.4410335, 0.62507, -0.6440325, -0.7745957, -0.6275514, -0.07863333, -12.99692, 343.9288, -228.1918, 0.4665096, -0.2360347, -0.8497601, 0.06756446, -0.4533142, 0.4641847, 0.7609474, 0.3381068, 0.8794453, -0.3350521, -0.8247376, 0.1053978, -0.555609, -11.88601, 260.1931, -176.0954, 0.5076205, -0.1251606, -0.8128416, 0.2567994, -0.4533148, 0.4641848, 0.7609478, -0.05724177, 0.8367778, -0.5445427, -0.8895125, -0.2904063, -0.3527533
1,0.7984,0.232,1,0.452,0.558, -20.28886, 341.2915, -231.6914, 0.4546201, -0.002566755, -0.7686138, 0.4500535, -0.5866306, 0.4131524, 0.6965442, -0.405261, 0.5948906, -0.6941684, -0.7011649, -0.6895008, -0.1815476, -13.33746, 344.2831, -227.6115, 0.407577, -0.2014126, -0.8880849, 0.06797408, -0.5866304, 0.4131523, 0.6965442, 0.3023337, 0.9096249, -0.2849158, -0.7513075, 0.04344879, -0.6585236, -11.858, 260.1923, -176.0995, 0.4424146, -0.1046679, -0.8500939, 0.2658111, -0.5866303, 0.4131524, 0.6965441, -0.05724233, 0.8367782, -0.5445419, -0.8078316, -0.3593155, -0.46723
1,0.8483,0.232,1,0.452,0.558, -19.85867, 341.0905, -232.0452, 0.3836851, 0.002763867, -0.7981681, 0.4644426, -0.7055585, 0.3519874, 0.6150578, -0.3608115, 0.5685709, -0.7392856, -0.6099232, -0.7435274, -0.2741599, -13.77976, 344.599, -227.0796, 0.3461412, -0.1655537, -0.9209558, 0.06796624, -0.7055579, 0.3519871, 0.6150573, 0.2578834, 0.9359452, -0.2397977, -0.6600656, -0.01057789, -0.7511352, -11.82969, 260.1939, -176.0999, 0.3744918, -0.08353234, -0.8821257, 0.2731904, -0.7055576, 0.3519872, 0.6150573, -0.05724311, 0.8367787, -0.5445409, -0.7063382, -0.4194122, -0.5702469
1,0.8982,0.232,1,0.452,0.558, -19.37026, 340.9321, -232.3403, 0.3103938, 0.008077472, -0.8228213, 0.4759797, -0.807183, 0.2821897, 0.5184867, -0.308775, 0.5467561, -0.7782781, -0.5031079, -0.7883069, -0.3542001, -14.31297, 344.8685, -226.6093, 0.28258, -0.1286782, -0.9481717, 0.06754091, -0.8071828, 0.2821895, 0.5184867, 0.2058467, 0.9577603, -0.2008046, -0.5532509, -0.05535697, -0.8311754, -11.80185, 260.198, -176.0966, 0.3042694, -0.0618839, -0.9087411, 0.2788922, -0.8071827, 0.2821897, 0.5184864, -0.05724388, 0.836779, -0.5445405, -0.5875221, -0.469223, -0.6592801
1,0.9481,0.232,1,0.452,0.558, -18.83609, 340.8195, -232.5694, 0.2351968, 0.01334155, -0.8424218, 0.4845942, -0.8890119, 0.2054715, 0.4092003, -0.2504284, 0.529981, -0.8101896, -0.3833393, -0.8227412, -0.4197048, -14.92385, 345.0854, -226.2119, 0.2172838, -0.0910126, -0.9695652, 0.06670108, -0.8890112, 0.2054714, 0.4092003, 0.1474992, 0.9745353, -0.1688932, -0.4334829, -0.08979097, -0.8966797, -11.77505, 260.2043, -176.0897, 0.2321788, -0.03985539, -0.9297762, 0.2828814, -0.8890113, 0.2054713, 0.4092, -0.05724496, 0.8367794, -0.5445399, -0.4542974, -0.5075256, -0.7321445
1,0.998,0.232,1,0.452,0.558, -18.26892, 340.7559, -232.7268, 0.158555, 0.01852374, -0.856849, 0.4902326, -0.9490363, 0.1237136, 0.2898773, -0.1872018, 0.5186577, -0.8342366, -0.2535535, -0.8459847, -0.4690665, -15.59775, 345.2439, -225.8974, 0.1506529, -0.05278787, -0.9850048, 0.0654515, -0.9490368, 0.1237135, 0.2898776, 0.08427171, 0.9858591, -0.1448454, -0.3036977, -0.1130348, -0.9460421, -11.75009, 260.2128, -176.0793, 0.1586623, -0.01758206, -0.9451016, 0.2851335, -0.9490365, 0.1237135, 0.2898775, -0.05724622, 0.8367795, -0.5445396, -0.3099304, -0.5333811, -0.7870525
