clear;clc;close all
%%
names={
'Gripper__RIGHT_RUBBER_TIP'
'GameObject (1)'
'Gripper__RIGHT_ANIMATING'
'Gripper Parent'
'L5'
'L4_HINGE'
'ROTATION_AXIS__Motor_Axis_Cylinder 6'
'L4'
'L3_HINGE'
'ROTATION_AXIS__Motor_Axis_Cylinder 5'
'L3'
'L2_HINGE'
'ROTATION_AXIS__Motor_Axis_Cylinder'
'L2'
'L1_HINGE'
'ROTATION_AXIS__Motor_Axis_Cylinder'
'L1'
'L0_HINGE'
'ROTATION_AXIS__black_base_cylinder'
'L0__STATIC_MOUNT'
'LeArm_Robot'
'LeArm_Virtual_Robot_prefab (1)'
}


 

%666010 - [#-1]  Gripper__RIGHT_RUBBER_TIP.transform.localPosition=(0.0, 3.4, 0.0)    Gripper__RIGHT_RUBBER_TIP.transform.position=(-194.3, 291.2, -182.1)
 

% Gripper__RIGHT_RUBBER_TIP
 

M0=[
1.71429	0.00000	0.00000	0.00000
0.00000	0.86028	0.66935	3.35000
0.00000	-0.66935	0.86028	0.03000
0.00000	0.00000	0.00000	1.00000
  ]
 

N0=[
1.71429	0.00000	0.00000	0.00000
0.00000	0.86028	0.66935	3.35000
0.00000	-0.66935	0.86028	0.03000
0.00000	0.00000	0.00000	1.00000
  ]
 

P0T=[
1.00000	0.00000	0.00000	0.00000
0.00000	1.00000	0.00000	3.35000
0.00000	0.00000	1.00000	0.03000
0.00000	0.00000	0.00000	1.00000
  ]
 

P0R=[
1.00000	0.00000	0.00000	0.00000
0.00000	0.78924	0.61408	0.00000
0.00000	-0.61408	0.78924	0.00000
0.00000	0.00000	0.00000	1.00000
  ]
 

P0S=[
1.71429	0.00000	0.00000	0.00000
0.00000	1.09000	0.00000	0.00000
0.00000	0.00000	1.09000	0.00000
0.00000	0.00000	0.00000	1.00000
  ]
 

P0R__=[
1.00000	0.00000	0.00000	0.00000
0.00000	0.78924	0.61408	0.00000
0.00000	-0.61408	0.78924	0.00000
0.00000	0.00000	0.00000	1.00000
  ]
 

% GameObject (1)
 

M1=[
1.00000	0.00000	0.00000	0.00000
0.00000	0.14000	0.00000	0.00000
0.00000	0.00000	1.34000	0.00000
0.00000	0.00000	0.00000	1.00000
  ]
 

N1=[
1.00000	0.00000	0.00000	0.00000
0.00000	0.14000	0.00000	0.00000
0.00000	0.00000	1.34000	0.00000
0.00000	0.00000	0.00000	1.00000
  ]
 

P1T=[
1.00000	0.00000	0.00000	0.00000
0.00000	1.00000	0.00000	0.00000
0.00000	0.00000	1.00000	0.00000
0.00000	0.00000	0.00000	1.00000
  ]
 

P1R=[
1.00000	0.00000	0.00000	0.00000
0.00000	1.00000	0.00000	0.00000
0.00000	0.00000	1.00000	0.00000
0.00000	0.00000	0.00000	1.00000
  ]
 

P1S=[
1.00000	0.00000	0.00000	0.00000
0.00000	0.14000	0.00000	0.00000
0.00000	0.00000	1.34000	0.00000
0.00000	0.00000	0.00000	1.00000
  ]
 

P1R__=[
1.00000	0.00000	0.00000	0.00000
0.00000	1.00000	0.00000	0.00000
0.00000	0.00000	1.00000	0.00000
0.00000	0.00000	0.00000	1.00000
  ]
 

% Gripper__RIGHT_ANIMATING
 

M2=[
7.00000	0.00000	0.00000	142.10010
0.00000	60.66512	-1.44480	331.30020
0.00000	12.79684	6.84929	-15.29994
0.00000	0.00000	0.00000	1.00000
  ]
 

N2=[
7.00000	0.00000	0.00000	142.10010
0.00000	60.66512	-1.44480	331.30020
0.00000	12.79684	6.84929	-15.29994
0.00000	0.00000	0.00000	1.00000
  ]
 

P2T=[
1.00000	0.00000	0.00000	142.10010
0.00000	1.00000	0.00000	331.30020
0.00000	0.00000	1.00000	-15.29994
0.00000	0.00000	0.00000	1.00000
  ]
 

P2R=[
1.00000	0.00000	0.00000	0.00000
0.00000	0.97847	-0.20640	0.00000
0.00000	0.20640	0.97847	0.00000
0.00000	0.00000	0.00000	1.00000
  ]
 

P2S=[
7.00000	0.00000	0.00000	0.00000
0.00000	62.00013	0.00000	0.00000
0.00000	0.00000	7.00002	0.00000
0.00000	0.00000	0.00000	1.00000
  ]
 

P2R__=[
1.00000	0.00000	0.00000	0.00000
0.00000	0.97847	-0.20640	0.00000
0.00000	0.20640	0.97847	0.00000
0.00000	0.00000	0.00000	1.00000
  ]
 

% Gripper Parent
 

M3=[
0.14286	0.00000	0.00000	-20.35857
0.00000	0.05848	0.00000	-14.15402
0.00000	0.00000	0.14286	0.59797
0.00000	0.00000	0.00000	1.00000
  ]
 

N3=[
0.14286	0.00000	0.00000	-20.35857
0.00000	0.05848	0.00000	-14.15402
0.00000	0.00000	0.14286	0.59797
0.00000	0.00000	0.00000	1.00000
  ]
 

P3T=[
1.00000	0.00000	0.00000	-20.35857
0.00000	1.00000	0.00000	-14.15402
0.00000	0.00000	1.00000	0.59797
0.00000	0.00000	0.00000	1.00000
  ]
 

P3R=[
1.00000	0.00000	0.00000	0.00000
0.00000	1.00000	0.00001	0.00000
0.00000	-0.00001	1.00000	0.00000
0.00000	0.00000	0.00000	1.00000
  ]
 

P3S=[
0.14286	0.00000	0.00000	0.00000
0.00000	0.05848	0.00000	0.00000
0.00000	0.00000	0.14286	0.00000
0.00000	0.00000	0.00000	1.00000
  ]
 

P3R__=[
1.00000	0.00000	0.00000	0.00000
0.00000	1.00000	0.00001	0.00000
0.00000	-0.00001	1.00000	0.00000
0.00000	0.00000	0.00000	1.00000
  ]
 

% L5
 

M4=[
1.00000	0.00000	0.00000	0.00000
0.00000	1.00000	0.00000	0.00000
0.00000	0.00000	1.00000	0.00000
0.00000	0.00000	0.00000	1.00000
  ]
 

N4=[
1.00000	0.00000	0.00000	0.00000
0.00000	1.00000	0.00000	0.00000
0.00000	0.00000	1.00000	0.00000
0.00000	0.00000	0.00000	1.00000
  ]
 

P4T=[
1.00000	0.00000	0.00000	0.00000
0.00000	1.00000	0.00000	0.00000
0.00000	0.00000	1.00000	0.00000
0.00000	0.00000	0.00000	1.00000
  ]
 

P4R=[
1.00000	0.00000	0.00000	0.00000
0.00000	1.00000	0.00000	0.00000
0.00000	0.00000	1.00000	0.00000
0.00000	0.00000	0.00000	1.00000
  ]
 

P4S=[
1.00000	0.00000	0.00000	0.00000
0.00000	1.00000	0.00000	0.00000
0.00000	0.00000	1.00000	0.00000
0.00000	0.00000	0.00000	1.00000
  ]
 

P4R__=[
1.00000	0.00000	0.00000	0.00000
0.00000	1.00000	0.00000	0.00000
0.00000	0.00000	1.00000	0.00000
0.00000	0.00000	0.00000	1.00000
  ]
 

% <<<Servo2_Hinge>>> = L4_HINGE
 

% L4_HINGE
 

M5=[
1.00000	0.00000	0.00000	0.00000
0.00000	1.00000	0.00000	0.00000
0.00000	0.00000	1.00000	0.00000
0.00000	0.00000	0.00000	1.00000
  ]
 

N5=[
1.00000	0.00000	0.00000	0.00000
0.00000	1.00000	0.00000	0.00000
0.00000	0.00000	1.00000	0.00000
0.00000	0.00000	0.00000	1.00000
  ]
 

P5T=[
1.00000	0.00000	0.00000	0.00000
0.00000	1.00000	0.00000	0.00000
0.00000	0.00000	1.00000	0.00000
0.00000	0.00000	0.00000	1.00000
  ]
 

P5R=[
0.00000	0.00000	1.00000	0.00000
0.00000	1.00000	0.00000	0.00000
-1.00000	0.00000	0.00000	0.00000
0.00000	0.00000	0.00000	1.00000
  ]
 

P5S=[
1.00000	0.00000	0.00000	0.00000
0.00000	1.00000	0.00000	0.00000
0.00000	0.00000	1.00000	0.00000
0.00000	0.00000	0.00000	1.00000
  ]
 

P5R__=[
1.00000	0.00000	0.00000	0.00000
0.00000	1.00000	0.00000	0.00000
0.00000	0.00000	1.00000	0.00000
0.00000	0.00000	0.00000	1.00000
  ]
 

% ROTATION_AXIS__Motor_Axis_Cylinder 6
 

M6=[
7.00000	0.00000	0.00000	15.92803
0.00000	17.08363	0.29662	211.97140
0.00000	-0.72456	6.99378	-3.33759
0.00000	0.00000	0.00000	1.00000
  ]
 

N6=[
7.00000	0.00000	0.00000	15.92803
0.00000	17.08363	0.29662	211.97140
0.00000	-0.72456	6.99378	-3.33759
0.00000	0.00000	0.00000	1.00000
  ]
 

P6T=[
1.00000	0.00000	0.00000	15.92803
0.00000	1.00000	0.00000	211.97140
0.00000	0.00000	1.00000	-3.33759
0.00000	0.00000	0.00000	1.00000
  ]
 

P6R=[
1.00000	0.00000	0.00000	0.00000
0.00000	0.99910	0.04237	0.00000
0.00000	-0.04237	0.99910	0.00000
0.00000	0.00000	0.00000	1.00000
  ]
 

P6S=[
7.00000	0.00000	0.00000	0.00000
0.00000	17.09899	0.00000	0.00000
0.00000	0.00000	7.00007	0.00000
0.00000	0.00000	0.00000	1.00000
  ]
 

P6R__=[
1.00000	0.00000	0.00000	0.00000
0.00000	0.99910	0.04237	0.00000
0.00000	-0.04237	0.99910	0.00000
0.00000	0.00000	0.00000	1.00000
  ]
 

% L4
 

M7=[
0.14286	0.00000	0.00000	-2.27543
0.00000	0.00000	0.02979	0.00000
0.00000	-0.14286	0.00000	23.63657
0.00000	0.00000	0.00000	1.00000
  ]
 

N7=[
0.14286	0.00000	0.00000	-2.27543
0.00000	0.00000	0.02979	0.00000
0.00000	-0.14286	0.00000	23.63657
0.00000	0.00000	0.00000	1.00000
  ]
 

P7T=[
1.00000	0.00000	0.00000	-2.27543
0.00000	1.00000	0.00000	0.00000
0.00000	0.00000	1.00000	23.63657
0.00000	0.00000	0.00000	1.00000
  ]
 

P7R=[
1.00000	0.00000	0.00000	0.00000
0.00000	0.00000	1.00000	0.00000
0.00000	-1.00000	0.00000	0.00000
0.00000	0.00000	0.00000	1.00000
  ]
 

P7S=[
0.14286	0.00000	0.00000	0.00000
0.00000	0.14286	0.00000	0.00000
0.00000	0.00000	0.02979	0.00000
0.00000	0.00000	0.00000	1.00000
  ]
 

P7R__=[
1.00000	0.00000	0.00000	0.00000
0.00000	0.00000	1.00000	0.00000
0.00000	-1.00000	0.00000	0.00000
0.00000	0.00000	0.00000	1.00000
  ]
 

% <<<Servo3_Hinge>>> = L3_HINGE
 

% L3_HINGE
 

M8=[
0.91650	0.00000	-0.40003	0.00000
0.00000	1.00000	0.00000	0.00000
0.40003	0.00000	0.91650	0.00000
0.00000	0.00000	0.00000	1.00000
  ]
 

N8=[
0.91650	0.00000	-0.40003	0.00000
0.00000	1.00000	0.00000	0.00000
0.40003	0.00000	0.91650	0.00000
0.00000	0.00000	0.00000	1.00000
  ]
 

P8T=[
1.00000	0.00000	0.00000	0.00000
0.00000	1.00000	0.00000	0.00000
0.00000	0.00000	1.00000	0.00000
0.00000	0.00000	0.00000	1.00000
  ]
 

P8R=[
0.91650	0.00000	-0.40003	0.00000
0.00000	1.00000	0.00000	0.00000
0.40003	0.00000	0.91650	0.00000
0.00000	0.00000	0.00000	1.00000
  ]
 

P8S=[
1.00000	0.00000	0.00000	0.00000
0.00000	1.00000	0.00000	0.00000
0.00000	0.00000	1.00000	0.00000
0.00000	0.00000	0.00000	1.00000
  ]
 

P8R__=[
0.91650	0.00000	-0.40003	0.00000
0.00000	1.00000	0.00000	0.00000
0.40003	0.00000	0.91650	0.00000
0.00000	0.00000	0.00000	1.00000
  ]
 

% ROTATION_AXIS__Motor_Axis_Cylinder 5
 

M9=[
7.00000	0.00000	0.00000	15.92803
0.00000	0.00000	-7.00002	165.45650
0.00000	33.57292	0.00000	0.00013
0.00000	0.00000	0.00000	1.00000
  ]
 

N9=[
7.00000	0.00000	0.00000	15.92803
0.00000	0.00000	-7.00002	165.45650
0.00000	33.57292	0.00000	0.00013
0.00000	0.00000	0.00000	1.00000
  ]
 

P9T=[
1.00000	0.00000	0.00000	15.92803
0.00000	1.00000	0.00000	165.45650
0.00000	0.00000	1.00000	0.00013
0.00000	0.00000	0.00000	1.00000
  ]
 

P9R=[
1.00000	0.00000	0.00000	0.00000
0.00000	0.00000	-1.00000	0.00000
0.00000	1.00000	0.00000	0.00000
0.00000	0.00000	0.00000	1.00000
  ]
 

P9S=[
7.00000	0.00000	0.00000	0.00000
0.00000	33.57291	0.00000	0.00000
0.00000	0.00000	7.00002	0.00000
0.00000	0.00000	0.00000	1.00000
  ]
 

P9R__=[
1.00000	0.00000	0.00000	0.00000
0.00000	0.00000	-1.00000	0.00000
0.00000	1.00000	0.00000	0.00000
0.00000	0.00000	0.00000	1.00000
  ]
 

% L3
 

M10=[
0.14286	0.00000	0.00000	-2.27543
0.00000	0.00000	0.02979	0.00000
0.00000	-0.14286	0.00000	11.34097
0.00000	0.00000	0.00000	1.00000
  ]
 

N10=[
0.14286	0.00000	0.00000	-2.27543
0.00000	0.00000	0.02979	0.00000
0.00000	-0.14286	0.00000	11.34097
0.00000	0.00000	0.00000	1.00000
  ]
 

P10T=[
1.00000	0.00000	0.00000	-2.27543
0.00000	1.00000	0.00000	0.00000
0.00000	0.00000	1.00000	11.34097
0.00000	0.00000	0.00000	1.00000
  ]
 

P10R=[
1.00000	0.00000	0.00000	0.00000
0.00000	0.00000	1.00000	0.00000
0.00000	-1.00000	0.00000	0.00000
0.00000	0.00000	0.00000	1.00000
  ]
 

P10S=[
0.14286	0.00000	0.00000	0.00000
0.00000	0.14286	0.00000	0.00000
0.00000	0.00000	0.02979	0.00000
0.00000	0.00000	0.00000	1.00000
  ]
 

P10R__=[
1.00000	0.00000	0.00000	0.00000
0.00000	0.00000	1.00000	0.00000
0.00000	-1.00000	0.00000	0.00000
0.00000	0.00000	0.00000	1.00000
  ]
 

% <<<Servo4_Hinge>>> = L2_HINGE
 

% L2_HINGE
 

M11=[
0.20586	0.00000	0.97858	0.00000
0.00000	1.00000	0.00000	0.00000
-0.97858	0.00000	0.20586	0.00000
0.00000	0.00000	0.00000	1.00000
  ]
 

N11=[
0.20586	0.00000	0.97858	0.00000
0.00000	1.00000	0.00000	0.00000
-0.97858	0.00000	0.20586	0.00000
0.00000	0.00000	0.00000	1.00000
  ]
 

P11T=[
1.00000	0.00000	0.00000	0.00000
0.00000	1.00000	0.00000	0.00000
0.00000	0.00000	1.00000	0.00000
0.00000	0.00000	0.00000	1.00000
  ]
 

P11R=[
0.20586	0.00000	0.97858	0.00000
0.00000	1.00000	0.00000	0.00000
-0.97858	0.00000	0.20586	0.00000
0.00000	0.00000	0.00000	1.00000
  ]
 

P11S=[
1.00000	0.00000	0.00000	0.00000
0.00000	1.00000	0.00000	0.00000
0.00000	0.00000	1.00000	0.00000
0.00000	0.00000	0.00000	1.00000
  ]
 

P11R__=[
0.20586	0.00000	0.97858	0.00000
0.00000	1.00000	0.00000	0.00000
-0.97858	0.00000	0.20586	0.00000
0.00000	0.00000	0.00000	1.00000
  ]
 

% ROTATION_AXIS__Motor_Axis_Cylinder
 

M12=[
7.00000	0.00000	0.00000	15.92804
0.00000	0.00000	-7.00000	79.38676
0.00000	33.57283	0.00000	0.00000
0.00000	0.00000	0.00000	1.00000
  ]
 

N12=[
7.00000	0.00000	0.00000	15.92804
0.00000	0.00000	-7.00000	79.38676
0.00000	33.57283	0.00000	0.00000
0.00000	0.00000	0.00000	1.00000
  ]
 

P12T=[
1.00000	0.00000	0.00000	15.92804
0.00000	1.00000	0.00000	79.38676
0.00000	0.00000	1.00000	0.00000
0.00000	0.00000	0.00000	1.00000
  ]
 

P12R=[
1.00000	0.00000	0.00000	0.00000
0.00000	0.00000	-1.00000	0.00000
0.00000	1.00000	0.00000	0.00000
0.00000	0.00000	0.00000	1.00000
  ]
 

P12S=[
7.00000	0.00000	0.00000	0.00000
0.00000	33.57283	0.00000	0.00000
0.00000	0.00000	7.00000	0.00000
0.00000	0.00000	0.00000	1.00000
  ]
 

P12R__=[
1.00000	0.00000	0.00000	0.00000
0.00000	0.00000	-1.00000	0.00000
0.00000	1.00000	0.00000	0.00000
0.00000	0.00000	0.00000	1.00000
  ]
 

% L2
 

M13=[
0.14286	0.00000	0.00000	-2.27543
0.00000	0.00000	0.02979	0.00000
0.00000	-0.14286	0.00000	-3.51618
0.00000	0.00000	0.00000	1.00000
  ]
 

N13=[
0.14286	0.00000	0.00000	-2.27543
0.00000	0.00000	0.02979	0.00000
0.00000	-0.14286	0.00000	-3.51618
0.00000	0.00000	0.00000	1.00000
  ]
 

P13T=[
1.00000	0.00000	0.00000	-2.27543
0.00000	1.00000	0.00000	0.00000
0.00000	0.00000	1.00000	-3.51618
0.00000	0.00000	0.00000	1.00000
  ]
 

P13R=[
1.00000	0.00000	0.00000	0.00000
0.00000	0.00000	1.00000	0.00000
0.00000	-1.00000	0.00000	0.00000
0.00000	0.00000	0.00000	1.00000
  ]
 

P13S=[
0.14286	0.00000	0.00000	0.00000
0.00000	0.14286	0.00000	0.00000
0.00000	0.00000	0.02979	0.00000
0.00000	0.00000	0.00000	1.00000
  ]
 

P13R__=[
1.00000	0.00000	0.00000	0.00000
0.00000	0.00000	1.00000	0.00000
0.00000	-1.00000	0.00000	0.00000
0.00000	0.00000	0.00000	1.00000
  ]
 

% <<<Servo5_Hinge>>> = L1_HINGE
 

% L1_HINGE
 

M14=[
0.99782	0.00000	0.06593	0.00000
0.00000	1.00000	0.00000	0.00000
-0.06593	0.00000	0.99782	0.00000
0.00000	0.00000	0.00000	1.00000
  ]
 

N14=[
0.99782	0.00000	0.06593	0.00000
0.00000	1.00000	0.00000	0.00000
-0.06593	0.00000	0.99782	0.00000
0.00000	0.00000	0.00000	1.00000
  ]
 

P14T=[
1.00000	0.00000	0.00000	0.00000
0.00000	1.00000	0.00000	0.00000
0.00000	0.00000	1.00000	0.00000
0.00000	0.00000	0.00000	1.00000
  ]
 

P14R=[
0.99782	0.00000	0.06593	0.00000
0.00000	1.00000	0.00000	0.00000
-0.06593	0.00000	0.99782	0.00000
0.00000	0.00000	0.00000	1.00000
  ]
 

P14S=[
1.00000	0.00000	0.00000	0.00000
0.00000	1.00000	0.00000	0.00000
0.00000	0.00000	1.00000	0.00000
0.00000	0.00000	0.00000	1.00000
  ]
 

P14R__=[
0.99782	0.00000	0.06593	0.00000
0.00000	1.00000	0.00000	0.00000
-0.06593	0.00000	0.99782	0.00000
0.00000	0.00000	0.00000	1.00000
  ]
 

% ROTATION_AXIS__Motor_Axis_Cylinder
 

M15=[
7.00000	0.00000	0.00000	142.51000
0.00000	0.00000	-7.00000	4.64000
0.00000	33.57279	0.00000	-0.20000
0.00000	0.00000	0.00000	1.00000
  ]
 

N15=[
7.00000	0.00000	0.00000	142.51000
0.00000	0.00000	-7.00000	4.64000
0.00000	33.57279	0.00000	-0.20000
0.00000	0.00000	0.00000	1.00000
  ]
 

P15T=[
1.00000	0.00000	0.00000	142.51000
0.00000	1.00000	0.00000	4.64000
0.00000	0.00000	1.00000	-0.20000
0.00000	0.00000	0.00000	1.00000
  ]
 

P15R=[
1.00000	0.00000	0.00000	0.00000
0.00000	0.00000	-1.00000	0.00000
0.00000	1.00000	0.00000	0.00000
0.00000	0.00000	0.00000	1.00000
  ]
 

P15S=[
7.00000	0.00000	0.00000	0.00000
0.00000	33.57279	0.00000	0.00000
0.00000	0.00000	7.00000	0.00000
0.00000	0.00000	0.00000	1.00000
  ]
 

P15R__=[
1.00000	0.00000	0.00000	0.00000
0.00000	0.00000	-1.00000	0.00000
0.00000	1.00000	0.00000	0.00000
0.00000	0.00000	0.00000	1.00000
  ]
 

% L1
 

M16=[
0.00627	0.00000	0.00000	-0.79454
0.00000	0.32609	0.00000	26.60189
0.00000	0.00000	0.00627	0.00000
0.00000	0.00000	0.00000	1.00000
  ]
 

N16=[
0.00627	0.00000	0.00000	-0.79454
0.00000	0.32609	0.00000	26.60189
0.00000	0.00000	0.00627	0.00000
0.00000	0.00000	0.00000	1.00000
  ]
 

P16T=[
1.00000	0.00000	0.00000	-0.79454
0.00000	1.00000	0.00000	26.60189
0.00000	0.00000	1.00000	0.00000
0.00000	0.00000	0.00000	1.00000
  ]
 

P16R=[
1.00000	0.00000	0.00000	0.00000
0.00000	1.00000	0.00000	0.00000
0.00000	0.00000	1.00000	0.00000
0.00000	0.00000	0.00000	1.00000
  ]
 

P16S=[
0.00627	0.00000	0.00000	0.00000
0.00000	0.32609	0.00000	0.00000
0.00000	0.00000	0.00627	0.00000
0.00000	0.00000	0.00000	1.00000
  ]
 

P16R__=[
1.00000	0.00000	0.00000	0.00000
0.00000	1.00000	0.00000	0.00000
0.00000	0.00000	1.00000	0.00000
0.00000	0.00000	0.00000	1.00000
  ]
 

% <<<Servo6_Hinge>>> = L0_HINGE
 

% L0_HINGE
 

M17=[
0.92388	0.00000	-0.38268	0.00000
0.00000	1.00000	0.00000	0.00000
0.38268	0.00000	0.92388	0.00000
0.00000	0.00000	0.00000	1.00000
  ]
 

N17=[
0.92388	0.00000	-0.38268	0.00000
0.00000	1.00000	0.00000	0.00000
0.38268	0.00000	0.92388	0.00000
0.00000	0.00000	0.00000	1.00000
  ]
 

P17T=[
1.00000	0.00000	0.00000	0.00000
0.00000	1.00000	0.00000	0.00000
0.00000	0.00000	1.00000	0.00000
0.00000	0.00000	0.00000	1.00000
  ]
 

P17R=[
0.92388	0.00000	-0.38268	0.00000
0.00000	1.00000	0.00000	0.00000
0.38268	0.00000	0.92388	0.00000
0.00000	0.00000	0.00000	1.00000
  ]
 

P17S=[
1.00000	0.00000	0.00000	0.00000
0.00000	1.00000	0.00000	0.00000
0.00000	0.00000	1.00000	0.00000
0.00000	0.00000	0.00000	1.00000
  ]
 

P17R__=[
0.92388	0.00000	-0.38268	0.00000
0.00000	1.00000	0.00000	0.00000
0.38268	0.00000	0.92388	0.00000
0.00000	0.00000	0.00000	1.00000
  ]
 

% ROTATION_AXIS__black_base_cylinder
 

M18=[
159.46430	0.00000	0.00000	0.00000
0.00000	3.06662	0.00000	-54.93200
0.00000	0.00000	159.46440	0.00001
0.00000	0.00000	0.00000	1.00000
  ]
 

N18=[
159.46430	0.00000	0.00000	0.00000
0.00000	3.06662	0.00000	-54.93200
0.00000	0.00000	159.46440	0.00001
0.00000	0.00000	0.00000	1.00000
  ]
 

P18T=[
1.00000	0.00000	0.00000	0.00000
0.00000	1.00000	0.00000	-54.93200
0.00000	0.00000	1.00000	0.00001
0.00000	0.00000	0.00000	1.00000
  ]
 

P18R=[
1.00000	0.00000	0.00000	0.00000
0.00000	1.00000	0.00000	0.00000
0.00000	0.00000	1.00000	0.00000
0.00000	0.00000	0.00000	1.00000
  ]
 

P18S=[
159.46430	0.00000	0.00000	0.00000
0.00000	3.06662	0.00000	0.00000
0.00000	0.00000	159.46440	0.00000
0.00000	0.00000	0.00000	1.00000
  ]
 

P18R__=[
1.00000	0.00000	0.00000	0.00000
0.00000	1.00000	0.00000	0.00000
0.00000	0.00000	1.00000	0.00000
0.00000	0.00000	0.00000	1.00000
  ]
 

% L0__STATIC_MOUNT
 

M19=[
1.00000	0.00000	0.00000	0.00000
0.00000	1.00000	0.00000	0.00000
0.00000	0.00000	1.00000	0.00000
0.00000	0.00000	0.00000	1.00000
  ]
 

N19=[
1.00000	0.00000	0.00000	0.00000
0.00000	1.00000	0.00000	0.00000
0.00000	0.00000	1.00000	0.00000
0.00000	0.00000	0.00000	1.00000
  ]
 

P19T=[
1.00000	0.00000	0.00000	0.00000
0.00000	1.00000	0.00000	0.00000
0.00000	0.00000	1.00000	0.00000
0.00000	0.00000	0.00000	1.00000
  ]
 

P19R=[
1.00000	0.00000	0.00000	0.00000
0.00000	1.00000	0.00000	0.00000
0.00000	0.00000	1.00000	0.00000
0.00000	0.00000	0.00000	1.00000
  ]
 

P19S=[
1.00000	0.00000	0.00000	0.00000
0.00000	1.00000	0.00000	0.00000
0.00000	0.00000	1.00000	0.00000
0.00000	0.00000	0.00000	1.00000
  ]
 

P19R__=[
1.00000	0.00000	0.00000	0.00000
0.00000	1.00000	0.00000	0.00000
0.00000	0.00000	1.00000	0.00000
0.00000	0.00000	0.00000	1.00000
  ]
 

% LeArm_Robot
 

M20=[
1.00000	0.00000	0.00000	0.10000
0.00000	1.00000	0.00000	58.25399
0.00000	0.00000	1.00000	-87.10001
0.00000	0.00000	0.00000	1.00000
  ]
 

N20=[
1.00000	0.00000	0.00000	0.10000
0.00000	1.00000	0.00000	58.25399
0.00000	0.00000	1.00000	-87.10001
0.00000	0.00000	0.00000	1.00000
  ]
 

P20T=[
1.00000	0.00000	0.00000	0.10000
0.00000	1.00000	0.00000	58.25399
0.00000	0.00000	1.00000	-87.10001
0.00000	0.00000	0.00000	1.00000
  ]
 

P20R=[
1.00000	0.00000	0.00000	0.00000
0.00000	1.00000	0.00000	0.00000
0.00000	0.00000	1.00000	0.00000
0.00000	0.00000	0.00000	1.00000
  ]
 

P20S=[
1.00000	0.00000	0.00000	0.00000
0.00000	1.00000	0.00000	0.00000
0.00000	0.00000	1.00000	0.00000
0.00000	0.00000	0.00000	1.00000
  ]
 

P20R__=[
1.00000	0.00000	0.00000	0.00000
0.00000	1.00000	0.00000	0.00000
0.00000	0.00000	1.00000	0.00000
0.00000	0.00000	0.00000	1.00000
  ]
 

% LeArm_Virtual_Robot_prefab (1)
 

M21=[
1.00000	0.00000	0.00000	0.00000
0.00000	1.00000	0.00000	0.00000
0.00000	0.00000	1.00000	0.00000
0.00000	0.00000	0.00000	1.00000
  ]
 

N21=[
1.00000	0.00000	0.00000	0.00000
0.00000	1.00000	0.00000	0.00000
0.00000	0.00000	1.00000	0.00000
0.00000	0.00000	0.00000	1.00000
  ]
 

P21T=[
1.00000	0.00000	0.00000	0.00000
0.00000	1.00000	0.00000	0.00000
0.00000	0.00000	1.00000	0.00000
0.00000	0.00000	0.00000	1.00000
  ]
 

P21R=[
1.00000	0.00000	0.00000	0.00000
0.00000	1.00000	0.00000	0.00000
0.00000	0.00000	1.00000	0.00000
0.00000	0.00000	0.00000	1.00000
  ]
 

P21S=[
1.00000	0.00000	0.00000	0.00000
0.00000	1.00000	0.00000	0.00000
0.00000	0.00000	1.00000	0.00000
0.00000	0.00000	0.00000	1.00000
  ]
 

P21R__=[
1.00000	0.00000	0.00000	0.00000
0.00000	1.00000	0.00000	0.00000
0.00000	0.00000	1.00000	0.00000
0.00000	0.00000	0.00000	1.00000
  ]
 

Servo1=1
Servo2=0
Servo3=0.369
Servo4=0.934
Servo5=0.521
Servo6=0.875
 

realServo1=1
realServo2=0
realServo3=0.369
realServo4=0.934
realServo5=0.521
realServo6=0.875
 

Gripper__RIGHT_RUBBER_TIP_localPosition=[ 0.0, 3.4, 0.0 ]
Gripper__RIGHT_RUBBER_TIP_position=[ -194.3, 291.2, -182.1 ]
 




%%

Mb=M21  *  M20  *  M19  *  M18  *  M17  *  M16  *  M15  *  M14  *  M13  *  M12  *  M11  *  M10  *  M9  *  M8  *  M7  *  M6  *  M5  *  M4  *  M3  *  M2  *  M1  *  M0
Mc=M0'  *  M1'  *  M2'  *  M3'  *  M4'  *  M5'  *  M6'  *  M7'  *  M8'  *  M9'  *  M10'  *  M11'  *  M12'  *  M13'  *  M14'  *  M15'  *  M16'  *  M17'  *  M18'  *  M19'  *  M20'  *  M21'

R1=Mb*[0
    0
    0
    1]

R2=[0 0 0 1]*Mc

num2str(R1)
num2str(R2)

%%

Nb=N21  *  N20  *  N19  *  N18  *  N17  *  N16  *  N15  *  N14  *  N13  *  N12  *  N11  *  N10  *  N9  *  N8  *  N7  *  N6  *  N5  *  N4  *  N3  *  N2  *  N1  *  N0
Nc=N0'  *  N1'  *  N2'  *  N3'  *  N4'  *  N5'  *  N6'  *  N7'  *  N8'  *  N9'  *  N10'  *  N11'  *  N12'  *  N13'  *  N14'  *  N15'  *  N16'  *  N17'  *  N18'  *  N19'  *  N20'  *  N21'

R1=Nb*[0
    0
    0
    1]

R2=[0 0 0 1]*Nc


%%
Pb1=P21T*P21R*P21S  *  P20T*P20R*P20S  *  P19T*P19R*P19S  *  P18T*P18R*P18S  *  P17T*P17R*P17S  *  P16T*P16R*P16S  *  P15T*P15R*P15S  *  P14T*P14R*P14S  *  P13T*P13R*P13S  *  P12T*P12R*P12S  *  P11T*P11R*P11S  *  P10T*P10R*P10S  *  P9T*P9R*P9S  *  P8T*P8R*P8S  *  P7T*P7R*P7S  *  P6T*P6R*P6S  *  P5T*P5R*P5S  *  P4T*P4R*P4S  *  P3T*P3R*P3S  *  P2T*P2R*P2S  *  P1T*P1R*P1S  *  P0T*P0R*P0S
%%
R1=Pb1*[0
    0
    0
    1]
%%
%R1=Pb2*[0
%    0
%    0
%    1]

%R2=[0 0 0 1]*Pc

%%
clear S1 S2 S3 S4 S5 S6
syms S1 S2 S3 S4 S5 S6
%S1=Servo1
%S2=Servo2
%S3=Servo3
%S4=Servo4
%S5=Servo5
%S6=Servo6



% P17R  <<<Servo6_Hinge>>> = L0_HINGE
S6_y=S6 * 180 - 180

% P14R  <<<Servo5_Hinge>>> = L1_HINGE
S5_y=S5 * 180 - 90

% P11R  <<<Servo4_Hinge>>> = L2_HINGE
S4_y=S4 * 180 - 90

% P8R   <<<Servo3_Hinge>>> = L3_HINGE
S3_y=S3 * 180 - 90

% P5R   <<<Servo2_Hinge>>> = L4_HINGE
S2_y=(1 - S2) * 180 - 90

%%
%P17R=[
%0.92388	0.00000	-0.38268	0.00000
%0.00000	1.00000	0.00000	0.00000
%0.38268	0.00000	0.92388	0.00000
%0.00000	0.00000	0.00000	1.00000
%  ]
P17R
MR_S6=[  cosd(S6_y)     0     sind(S6_y)    0
         0              1     0             0
        -sind(S6_y)     0     cosd(S6_y)    0
         0              0     0             1   ]

     
     
% %
%P14R=[
%0.99782	0.00000	0.06593	0.00000
%0.00000	1.00000	0.00000	0.00000
%-0.06593	0.00000	0.99782	0.00000
%0.00000	0.00000	0.00000	1.00000
%  ]
P14R
MR_S5=[  cosd(S5_y)     0     sind(S5_y)    0
         0              1     0             0
        -sind(S5_y)     0     cosd(S5_y)    0
         0              0     0             1   ]

     
%  %
%P11R=[
%0.20586	0.00000	0.97858	0.00000
%0.00000	1.00000	0.00000	0.00000
%-0.97858	0.00000	0.20586	0.00000
%0.00000	0.00000	0.00000	1.00000
%  ]
P11R
MR_S4=[  cosd(S4_y)     0     sind(S4_y)    0
         0              1     0             0
        -sind(S4_y)     0     cosd(S4_y)    0
         0              0     0             1   ]

     
%  %
%P8R=[
%0.91650	0.00000	-0.40003	0.00000
%0.00000	1.00000	0.00000	0.00000
%0.40003	0.00000	0.91650	0.00000
%0.00000	0.00000	0.00000	1.00000
%  ]
P8R
MR_S3=[  cosd(S3_y)     0     sind(S3_y)    0
         0              1     0             0
        -sind(S3_y)     0     cosd(S3_y)    0
         0              0     0             1   ]

     
%  %
%P5R=[
%0.00000	0.00000	1.00000	0.00000
%0.00000	1.00000	0.00000	0.00000
%-1.00000	0.00000	0.00000	0.00000
%0.00000	0.00000	0.00000	1.00000
%  ]
P5R
MR_S2=[  cosd(S2_y)     0     sind(S2_y)    0
         0              1     0             0
        -sind(S2_y)     0     cosd(S2_y)    0
         0              0     0             1   ]


%%
%Pb1=P21T*P21R*P21S  *  P20T*P20R*P20S  *  P19T*P19R*P19S  *  P18T*P18R*P18S  *  P17T*P17R*P17S  *  P16T*P16R*P16S  *  P15T*P15R*P15S  *  P14T*P14R*P14S  *  P13T*P13R*P13S  *  P12T*P12R*P12S  *  P11T*P11R*P11S  *  P10T*P10R*P10S  *  P9T*P9R*P9S  *  P8T*P8R*P8S  *  P7T*P7R*P7S  *  P6T*P6R*P6S  *  P5T*P5R*P5S  *  P4T*P4R*P4S  *  P3T*P3R*P3S  *  P2T*P2R*P2S  *  P1T*P1R*P1S  *  P0T*P0R*P0S
Pb1_=P21T*P21R*P21S  *  P20T*P20R*P20S  *  P19T*P19R*P19S  *  P18T*P18R*P18S  *  P17T*MR_S6*P17S  *  P16T*P16R*P16S  *  P15T*P15R*P15S  *  P14T*MR_S5*P14S  *  P13T*P13R*P13S  *  P12T*P12R*P12S  *  P11T*MR_S4*P11S  *  P10T*P10R*P10S  *  P9T*P9R*P9S  *  P8T*MR_S3*P8S  *  P7T*P7R*P7S  *  P6T*P6R*P6S  *  P5T*MR_S2*P5S  *  P4T*P4R*P4S  *  P3T*P3R*P3S  *  P2T*P2R*P2S  *  P1T*P1R*P1S  *  P0T*P0R*P0S
%%
AAA=P21T*P21R*P21S  *  P20T*P20R*P20S  *  P19T*P19R*P19S  *  P18T*P18R*P18S  *  P17T
BBB=P17S  *  P16T*P16R*P16S  *  P15T*P15R*P15S  *  P14T
CCC=P14S  *  P13T*P13R*P13S  *  P12T*P12R*P12S  *  P11T
DDD=P11S  *  P10T*P10R*P10S  *  P9T*P9R*P9S  *  P8T
EEE=P8S  *  P7T*P7R*P7S  *  P6T*P6R*P6S  *  P5T
FFF=P5S  *  P4T*P4R*P4S  *  P3T*P3R*P3S  *  P2T*P2R*P2S  *  P1T*P1R*P1S  *  P0T*P0R*P0S
Pb1_=AAA*MR_S6*BBB*MR_S5*CCC*MR_S4*DDD*MR_S3*EEE*MR_S2*FFF

%%
R1_=Pb1_*[0
    0
    0
    1]
%%
syms X Y Z
eq1 =   X==R1_(1)/R1_(4)
eq2 =   Y==R1_(2)/R1_(4)
eq3 =   Z==R1_(3)/R1_(4)
%%
disp('**FINDING SOLUTION OF EQUATIONS*** R12');
disp('**FINDING SOLUTION OF EQUATIONS*** R12');
disp('**FINDING SOLUTION OF EQUATIONS*** $12');
S=solve([eq1 eq2 eq3],[S6 S5 S4])
disp('------------------Solution is now available-------------');
disp('------------------Solution is now available-------------');
disp('------------------Solution is now available-------------');
disp('------------------Solution is now available-------------');
disp('------------------Solution is now available-------------');
S.S6
S.S5
S.S4
%% SOLUTION
%clear S1 S2 S3 S4 S5 S6 X Y Z
%S1=Servo1
%S2=Servo2
%S3=Servo3
%S4=Servo4
%S5=Servo5
%S6=Servo6

