 
names={
'Gripper__RIGHT_RUBBER_TIP'
'GameObject (1)'
'Gripper__RIGHT_ANIMATING'
'Gripper Parent'
'L5'
'L4_HINGE'
'ROTATION_AXIS__Motor_Axis_Cylinder 6'
'L4'
'L3_HINGE'
'ROTATION_AXIS__Motor_Axis_Cylinder 5'
'L3'
'L2_HINGE'
'ROTATION_AXIS__Motor_Axis_Cylinder'
'L2'
'L1_HINGE'
'ROTATION_AXIS__Motor_Axis_Cylinder'
'L1'
'L0_HINGE'
'ROTATION_AXIS__black_base_cylinder'
'L0__STATIC_MOUNT'
'LeArm_Robot'
'LeArm_Virtual_Robot_prefab (1)'
}



 

% Gripper__RIGHT_RUBBER_TIP
 

M0=[
1.71429	0.00000	0.00000	0.00000
0.00000	0.86028	0.66935	3.35000
0.00000	-0.66935	0.86028	0.03000
0.00000	0.00000	0.00000	1.00000
  ]
 

N0=[
1.71429	0.00000	0.00000	0.00000
0.00000	0.86028	0.61408	3.35000
0.00000	-0.61408	0.86028	0.03000
0.00000	0.00000	0.00000	1.00000
  ]
 

O0=[
1.71429	0.00000	0.00000	0.00000
0.00000	0.86028	0.66935	3.35000
0.00000	-0.66935	0.86028	0.03000
0.00000	0.00000	0.00000	1.00000
  ]
 

P0=[
0.00000	0.00000	0.00000	0.00000
0.00000	0.00000	0.00000	2.90201
0.00000	0.00000	0.00000	-2.21650
0.00000	0.00000	0.00000	1.00000
  ]
 

% GameObject (1)
 

M1=[
1.00000	0.00000	0.00000	0.00000
0.00000	0.14000	0.00000	0.00000
0.00000	0.00000	1.34000	0.00000
0.00000	0.00000	0.00000	1.00000
  ]
 

N1=[
1.00000	0.00000	0.00000	0.00000
0.00000	0.14000	0.00000	0.00000
0.00000	0.00000	1.34000	0.00000
0.00000	0.00000	0.00000	1.00000
  ]
 

O1=[
1.00000	0.00000	0.00000	0.00000
0.00000	0.14000	0.00000	0.00000
0.00000	0.00000	1.34000	0.00000
0.00000	0.00000	0.00000	1.00000
  ]
 

P1=[
0.00000	0.00000	0.00000	0.00000
0.00000	0.00000	0.00000	0.00000
0.00000	0.00000	0.00000	0.00000
0.00000	0.00000	0.00000	1.00000
  ]
 

% Gripper__RIGHT_ANIMATING
 

M2=[
7.00000	0.00000	0.00000	142.10010
0.00000	51.51982	-3.89430	308.80960
0.00000	34.49238	5.81676	-52.19606
0.00000	0.00000	0.00000	1.00000
  ]
 

N2=[
7.00000	0.00000	0.00000	142.10010
0.00000	51.51982	-0.55633	308.80960
0.00000	0.55633	5.81676	-52.19606
0.00000	0.00000	0.00000	1.00000
  ]
 

O2=[
7.00000	0.00000	0.00000	142.10010
0.00000	51.51982	-3.89430	308.80960
0.00000	34.49238	5.81676	-52.19606
0.00000	0.00000	0.00000	1.00000
  ]
 

P2=[
0.00000	0.00000	0.00000	994.70080
0.00000	0.00000	0.00000	17710.18000
0.00000	0.00000	0.00000	898.98600
0.00000	0.00000	0.00000	1.00000
  ]
 

% Gripper Parent
 

M3=[
0.14286	0.00000	0.00000	-20.35857
0.00000	0.05848	0.00000	-14.15402
0.00000	0.00000	0.14286	0.59797
0.00000	0.00000	0.00000	1.00000
  ]
 

N3=[
0.14286	0.00000	0.00000	-20.35857
0.00000	0.05848	0.00001	-14.15402
0.00000	-0.00001	0.14286	0.59797
0.00000	0.00000	0.00000	1.00000
  ]
 

O3=[
0.14286	0.00000	0.00000	-20.35857
0.00000	0.05848	0.00000	-14.15402
0.00000	0.00000	0.14286	0.59797
0.00000	0.00000	0.00000	1.00000
  ]
 

P3=[
0.00000	0.00000	0.00000	-2.90837
0.00000	0.00000	0.00000	-0.82777
0.00000	0.00000	0.00000	0.08544
0.00000	0.00000	0.00000	1.00000
  ]
 

% L5
 

M4=[
1.00000	0.00000	0.00000	0.00000
0.00000	1.00000	0.00000	0.00000
0.00000	0.00000	1.00000	0.00000
0.00000	0.00000	0.00000	1.00000
  ]
 

N4=[
1.00000	0.00000	0.00000	0.00000
0.00000	1.00000	0.00000	0.00000
0.00000	0.00000	1.00000	0.00000
0.00000	0.00000	0.00000	1.00000
  ]
 

O4=[
1.00000	0.00000	0.00000	0.00000
0.00000	1.00000	0.00000	0.00000
0.00000	0.00000	1.00000	0.00000
0.00000	0.00000	0.00000	1.00000
  ]
 

P4=[
0.00000	0.00000	0.00000	0.00000
0.00000	0.00000	0.00000	0.00000
0.00000	0.00000	0.00000	0.00000
0.00000	0.00000	0.00000	1.00000
  ]
 

% L4_HINGE
 

M5=[
0.91776	0.00000	0.39715	0.00000
0.00000	1.00000	0.00000	0.00000
-0.39715	0.00000	0.91776	0.00000
0.00000	0.00000	0.00000	1.00000
  ]
 

N5=[
0.91776	0.00000	0.39715	0.00000
0.00000	1.00000	0.00000	0.00000
-0.39715	0.00000	0.91776	0.00000
0.00000	0.00000	0.00000	1.00000
  ]
 

O5=[
0.91776	0.00000	0.39715	0.00000
0.00000	1.00000	0.00000	0.00000
-0.39715	0.00000	0.91776	0.00000
0.00000	0.00000	0.00000	1.00000
  ]
 

P5=[
0.00000	0.00000	0.00000	0.00000
0.00000	0.00000	0.00000	0.00000
0.00000	0.00000	0.00000	0.00000
0.00000	0.00000	0.00000	1.00000
  ]
 

% ROTATION_AXIS__Motor_Axis_Cylinder 6
 

M6=[
7.00000	0.00000	0.00000	15.92803
0.00000	17.08363	0.29662	211.97140
0.00000	-0.72456	6.99378	-3.33759
0.00000	0.00000	0.00000	1.00000
  ]
 

N6=[
7.00000	0.00000	0.00000	15.92803
0.00000	17.08363	0.04237	211.97140
0.00000	-0.04237	6.99378	-3.33759
0.00000	0.00000	0.00000	1.00000
  ]
 

O6=[
7.00000	0.00000	0.00000	15.92803
0.00000	17.08363	0.29662	211.97140
0.00000	-0.72456	6.99378	-3.33759
0.00000	0.00000	0.00000	1.00000
  ]
 

P6=[
0.00000	0.00000	0.00000	111.49620
0.00000	0.00000	0.00000	3618.82400
0.00000	0.00000	0.00000	-86.21769
0.00000	0.00000	0.00000	1.00000
  ]
 

% L4
 

M7=[
0.14286	0.00000	0.00000	-2.27543
0.00000	0.00000	0.02979	0.00000
0.00000	-0.14286	0.00000	23.63657
0.00000	0.00000	0.00000	1.00000
  ]
 

N7=[
0.14286	0.00000	0.00000	-2.27543
0.00000	0.00000	1.00000	0.00000
0.00000	-1.00000	0.00000	23.63657
0.00000	0.00000	0.00000	1.00000
  ]
 

O7=[
0.14286	0.00000	0.00000	-2.27543
0.00000	0.00000	0.02979	0.00000
0.00000	-0.14286	0.00000	23.63657
0.00000	0.00000	0.00000	1.00000
  ]
 

P7=[
0.00000	0.00000	0.00000	-0.32506
0.00000	0.00000	0.00000	3.37664
0.00000	0.00000	0.00000	0.00000
0.00000	0.00000	0.00000	1.00000
  ]
 

% L3_HINGE
 

M8=[
0.95106	0.00000	0.30902	0.00000
0.00000	1.00000	0.00000	0.00000
-0.30902	0.00000	0.95106	0.00000
0.00000	0.00000	0.00000	1.00000
  ]
 

N8=[
0.95106	0.00000	0.30902	0.00000
0.00000	1.00000	0.00000	0.00000
-0.30902	0.00000	0.95106	0.00000
0.00000	0.00000	0.00000	1.00000
  ]
 

O8=[
0.95106	0.00000	0.30902	0.00000
0.00000	1.00000	0.00000	0.00000
-0.30902	0.00000	0.95106	0.00000
0.00000	0.00000	0.00000	1.00000
  ]
 

P8=[
0.00000	0.00000	0.00000	0.00000
0.00000	0.00000	0.00000	0.00000
0.00000	0.00000	0.00000	0.00000
0.00000	0.00000	0.00000	1.00000
  ]
 

% ROTATION_AXIS__Motor_Axis_Cylinder 5
 

M9=[
7.00000	0.00000	0.00000	15.92803
0.00000	0.00000	-7.00002	165.45650
0.00000	33.57292	0.00000	0.00013
0.00000	0.00000	0.00000	1.00000
  ]
 

N9=[
7.00000	0.00000	0.00000	15.92803
0.00000	0.00000	-1.00000	165.45650
0.00000	1.00000	0.00000	0.00013
0.00000	0.00000	0.00000	1.00000
  ]
 

O9=[
7.00000	0.00000	0.00000	15.92803
0.00000	0.00000	-7.00002	165.45650
0.00000	33.57292	0.00000	0.00013
0.00000	0.00000	0.00000	1.00000
  ]
 

P9=[
0.00000	0.00000	0.00000	111.49620
0.00000	0.00000	0.00000	-0.00496
0.00000	0.00000	0.00000	1158.20000
0.00000	0.00000	0.00000	1.00000
  ]
 

% L3
 

M10=[
0.14286	0.00000	0.00000	-2.27543
0.00000	0.00000	0.02979	0.00000
0.00000	-0.14286	0.00000	11.34097
0.00000	0.00000	0.00000	1.00000
  ]
 

N10=[
0.14286	0.00000	0.00000	-2.27543
0.00000	0.00000	1.00000	0.00000
0.00000	-1.00000	0.00000	11.34097
0.00000	0.00000	0.00000	1.00000
  ]
 

O10=[
0.14286	0.00000	0.00000	-2.27543
0.00000	0.00000	0.02979	0.00000
0.00000	-0.14286	0.00000	11.34097
0.00000	0.00000	0.00000	1.00000
  ]
 

P10=[
0.00000	0.00000	0.00000	-0.32506
0.00000	0.00000	0.00000	1.62014
0.00000	0.00000	0.00000	0.00000
0.00000	0.00000	0.00000	1.00000
  ]
 

% L2_HINGE
 

M11=[
0.95106	0.00000	-0.30902	0.00000
0.00000	1.00000	0.00000	0.00000
0.30902	0.00000	0.95106	0.00000
0.00000	0.00000	0.00000	1.00000
  ]
 

N11=[
0.95106	0.00000	-0.30902	0.00000
0.00000	1.00000	0.00000	0.00000
0.30902	0.00000	0.95106	0.00000
0.00000	0.00000	0.00000	1.00000
  ]
 

O11=[
0.95106	0.00000	-0.30902	0.00000
0.00000	1.00000	0.00000	0.00000
0.30902	0.00000	0.95106	0.00000
0.00000	0.00000	0.00000	1.00000
  ]
 

P11=[
0.00000	0.00000	0.00000	0.00000
0.00000	0.00000	0.00000	0.00000
0.00000	0.00000	0.00000	0.00000
0.00000	0.00000	0.00000	1.00000
  ]
