 
names={
'Gripper__RIGHT_RUBBER_TIP'
'GameObject (1)'
'Gripper__RIGHT_ANIMATING'
'Gripper Parent'
'L5'
'L4_HINGE'
'ROTATION_AXIS__Motor_Axis_Cylinder 6'
'L4'
'L3_HINGE'
'ROTATION_AXIS__Motor_Axis_Cylinder 5'
'L3'
'L2_HINGE'
'ROTATION_AXIS__Motor_Axis_Cylinder'
'L2'
'L1_HINGE'
'ROTATION_AXIS__Motor_Axis_Cylinder'
'L1'
'L0_HINGE'
'ROTATION_AXIS__black_base_cylinder'
'L0__STATIC_MOUNT'
'LeArm_Robot'
'LeArm_Virtual_Robot_prefab (1)'
}


% 'Gripper__RIGHT_RUBBER_TIP'
M0=[
  1.71429	0.00000	0.00000	0.00000
  0.00000	0.86028	0.66935	3.35000
  0.00000	-0.66935	0.86028	0.03000
  0.00000	0.00000	0.00000	1.00000]

 

% 'GameObject (1)'
M1=[
  1.00000	0.00000	0.00000	0.00000
  0.00000	0.14000	0.00000	0.00000
  0.00000	0.00000	1.34000	0.00000
  0.00000	0.00000	0.00000	1.00000]

 

% 'Gripper__RIGHT_ANIMATING'
M2=[
  7.00000	0.00000	0.00000	142.10000
  0.00000	60.66512	-1.44480	331.30040
  0.00000	12.79684	6.84929	-15.29993
  0.00000	0.00000	0.00000	1.00000]

 

% 'Gripper Parent'
M3=[
  0.14286	0.00000	0.00000	-20.35857
  0.00000	0.05848	0.00000	-14.15402
  0.00000	0.00000	0.14286	0.59797
  0.00000	0.00000	0.00000	1.00000]

 

% 'L5'
M4=[
  1.00000	0.00000	0.00000	0.00000
  0.00000	1.00000	0.00000	0.00000
  0.00000	0.00000	1.00000	0.00000
  0.00000	0.00000	0.00000	1.00000]

 

% 'L4_HINGE'
M5=[
  1.00000	0.00000	0.00000	0.00000
  0.00000	1.00000	0.00000	0.00000
  0.00000	0.00000	1.00000	0.00000
  0.00000	0.00000	0.00000	1.00000]

 

% 'ROTATION_AXIS__Motor_Axis_Cylinder 6'
M6=[
  7.00000	0.00000	0.00000	15.92803
  0.00000	17.08363	0.29662	211.97140
  0.00000	-0.72456	6.99378	-3.33759
  0.00000	0.00000	0.00000	1.00000]

 

% 'L4'
M7=[
  0.14286	0.00000	0.00000	-2.27543
  0.00000	0.00000	0.02979	0.00000
  0.00000	-0.14286	0.00000	23.63657
  0.00000	0.00000	0.00000	1.00000]

 

% 'L3_HINGE'
M8=[
  1.00000	0.00000	0.00000	0.00000
  0.00000	1.00000	0.00000	0.00000
  0.00000	0.00000	1.00000	0.00000
  0.00000	0.00000	0.00000	1.00000]

 

% 'ROTATION_AXIS__Motor_Axis_Cylinder 5'
M9=[
  7.00000	0.00000	0.00000	15.92803
  0.00000	0.00000	-7.00002	165.45650
  0.00000	33.57292	0.00000	0.00013
  0.00000	0.00000	0.00000	1.00000]

 

% 'L3'
M10=[
  0.14286	0.00000	0.00000	-2.27543
  0.00000	0.00000	0.02979	0.00000
  0.00000	-0.14286	0.00000	11.34097
  0.00000	0.00000	0.00000	1.00000]

 

% 'L2_HINGE'
M11=[
  1.00000	0.00000	0.00000	0.00000
  0.00000	1.00000	0.00000	0.00000
  0.00000	0.00000	1.00000	0.00000
  0.00000	0.00000	0.00000	1.00000]

 

% 'ROTATION_AXIS__Motor_Axis_Cylinder'
M12=[
  7.00000	0.00000	0.00000	15.92804
  0.00000	0.00000	-7.00000	79.38676
  0.00000	33.57283	0.00000	0.00000
  0.00000	0.00000	0.00000	1.00000]

 

% 'L2'
M13=[
  0.14286	0.00000	0.00000	-2.27543
  0.00000	0.00000	0.02979	0.00000
  0.00000	-0.14286	0.00000	-3.51618
  0.00000	0.00000	0.00000	1.00000]

 

% 'L1_HINGE'
M14=[
  1.00000	0.00000	0.00000	0.00000
  0.00000	1.00000	0.00000	0.00000
  0.00000	0.00000	1.00000	0.00000
  0.00000	0.00000	0.00000	1.00000]

 

% 'ROTATION_AXIS__Motor_Axis_Cylinder'
M15=[
  7.00000	0.00000	0.00000	142.51000
  0.00000	0.00000	-7.00000	4.64000
  0.00000	33.57279	0.00000	-0.20000
  0.00000	0.00000	0.00000	1.00000]

 

% 'L1'
M16=[
  0.00627	0.00000	0.00000	-0.79454
  0.00000	0.32609	0.00000	26.60189
  0.00000	0.00000	0.00627	0.00000
  0.00000	0.00000	0.00000	1.00000]

 

% 'L0_HINGE'
M17=[
  0.00000	0.00000	-1.00000	0.00000
  0.00000	1.00000	0.00000	0.00000
  1.00000	0.00000	0.00000	0.00000
  0.00000	0.00000	0.00000	1.00000]

 

% 'ROTATION_AXIS__black_base_cylinder'
M18=[
  159.46430	0.00000	0.00000	0.00000
  0.00000	3.06662	0.00000	-54.93200
  0.00000	0.00000	159.46440	0.00001
  0.00000	0.00000	0.00000	1.00000]

 

% 'L0__STATIC_MOUNT'
M19=[
  1.00000	0.00000	0.00000	0.00000
  0.00000	1.00000	0.00000	0.00000
  0.00000	0.00000	1.00000	0.00000
  0.00000	0.00000	0.00000	1.00000]

 

% 'LeArm_Robot'
M20=[
  1.00000	0.00000	0.00000	0.10000
  0.00000	1.00000	0.00000	58.25399
  0.00000	0.00000	1.00000	-87.10001
  0.00000	0.00000	0.00000	1.00000]

 

% 'LeArm_Virtual_Robot_prefab (1)'
M21=[
  1.00000	0.00000	0.00000	0.00000
  0.00000	1.00000	0.00000	0.00000
  0.00000	0.00000	1.00000	0.00000
  0.00000	0.00000	0.00000	1.00000]

Gripper__RIGHT_RUBBER_TIP___localPosition=[0.0  3.4  0.0]    
Gripper__RIGHT_RUBBER_TIP___position=[13.5  443.5  -71.7]

%%

Mb=M21  *  M20  *  M19  *  M18  *  M17  *  M16  *  M15  *  M14  *  M13  *  M12  *  M11  *  M10  *  M9  *  M8  *  M7  *  M6  *  M5  *  M4  *  M3  *  M2  *  M1  *  M0
Mc=M0'  *  M1'  *  M2'  *  M3'  *  M4'  *  M5'  *  M6'  *  M7'  *  M8'  *  M9'  *  M10'  *  M11'  *  M12'  *  M13'  *  M14'  *  M15'  *  M16'  *  M17'  *  M18'  *  M19'  *  M20'  *  M21'

Mb*[0
    0
    0
    1]

[0 0 0 1]*Mc



